516004.1 ,  596004.7 ,  1000.05 , 1000.05 , 1.0 , 0.0
3096025.8 ,  3576029.8 ,  6000.05 , 6000.05 , 1.0 , 0.0
5676038.5 ,  6556043.5 ,  11000.2 , 11000.2 , 1.0 , 0.0
8256012.7 ,  9536013.7 ,  16000.15 , 16000.15 , 1.0 , 0.0
10836029.9 ,  12516034.5 ,  21000.1 , 21000.1 , 1.0 , 0.0
13416004.1 ,  15496004.7 ,  26000.05 , 26000.05 , 1.0 , 0.0
15996008.6 ,  18476009.0 ,  31000.1 , 31000.1 , 1.0 , 0.0
18576008.6 ,  21456009.0 ,  36000.1 , 36000.1 , 1.0 , 0.0
21156000.0 ,  24436000.0 ,  41000.0 , 41000.0 , 1.0 , 0.0
23736034.0 ,  27416039.2 ,  46000.15 , 46000.15 , 1.0 , 0.0
26316029.9 ,  30396034.5 ,  51000.1 , 51000.1 , 1.0 , 0.0
28896034.0 ,  33376039.2 ,  56000.15 , 56000.15 , 0.9999222322818875 , 0.00024560956105218994
31476004.1 ,  36356004.7 ,  61000.05 , 61000.05 , 0.9992613126275176 , 0.002164782239825492
34056038.5 ,  39275877.3 ,  66000.2 , 65899.25 , 0.9993899250522251 , 0.0013279624537110052
36636012.7 ,  42172586.3 ,  71000.15 , 70759.5 , 0.9874531864322756 , 0.01174307501458794
39216029.9 ,  44518165.1 ,  76000.1 , 74694.95 , 0.9889031100432488 , 0.007334872763090981
41796029.9 ,  45374199.9 ,  81000.1 , 76131.25 , 0.9549504521698579 , 0.026842418827946118
44376034.4 ,  46666600.4 ,  86000.15 , 78299.75 , 0.9085690523354426 , 0.02759466822079888
46956038.5 ,  48072092.3 ,  91000.2 , 80658.0 , 0.892415702134091 , 0.02881569436944927
49536012.7 ,  47241506.7 ,  96000.15 , 79264.4 , 0.8332011469891473 , 0.012457988561214764
