1028051.4 ,  1108055.4 ,  1000.05 , 1000.05 , 1.0 , 0.0
6168064.1 ,  6648069.1 ,  6000.2 , 6000.2 , 1.0 , 0.0
11308060.0 ,  12188064.4 ,  11000.15 , 11000.15 , 1.0 , 0.0
16448008.6 ,  17728009.0 ,  16000.1 , 16000.1 , 1.0 , 0.0
21588064.1 ,  23268069.1 ,  21000.2 , 21000.2 , 1.0 , 0.0
26728004.1 ,  28808004.7 ,  26000.05 , 26000.05 , 1.0 , 0.0
31868000.0 ,  34348000.0 ,  31000.0 , 31000.0 , 1.0 , 0.0
37008008.6 ,  39888009.0 ,  36000.1 , 36000.1 , 1.0 , 0.0
42148004.1 ,  45428004.7 ,  41000.05 , 41000.05 , 1.0 , 0.0
47288055.5 ,  50968060.1 ,  46000.1 , 46000.1 , 1.0 , 0.0
52428060.0 ,  56508064.4 ,  51000.15 , 51000.15 , 0.9998181374331987 , 0.0005750999322169629
57568051.4 ,  62048055.4 ,  56000.05 , 56000.05 , 0.9997460719976866 , 0.00037193126311752255
62708004.1 ,  67588004.7 ,  61000.05 , 61000.05 , 0.9998760657162051 , 0.00026796941337845116
67848051.4 ,  73128055.4 ,  66000.05 , 66000.05 , 0.9998321214238979 , 0.00029545938405072116
72988004.1 ,  78600527.5 ,  71000.05 , 70939.15 , 0.9980382421756051 , 0.0037297463708496946
78128060.0 ,  84093164.8 ,  76000.15 , 75896.45 , 0.9955290179860121 , 0.009677824042877821
83268055.5 ,  85666465.1 ,  81000.1 , 77316.35 , 0.9482811863262317 , 0.027745037024676653
88408055.5 ,  90195581.3 ,  86000.1 , 81404.0 , 0.9282631723297345 , 0.029647042466590216
93548051.4 ,  89821072.6 ,  91000.05 , 81065.95 , 0.8771121310537147 , 0.018264831449823247
98688004.1 ,  90121456.1 ,  96000.05 , 81337.1 , 0.8321942967441183 , 0.008616031330270434
