260000.0 ,  340000.0 ,  1000.0 , 1000.0 , 1.0 , 0.0
1560017.1 ,  2040021.7 ,  6000.1 , 6000.1 , 1.0 , 0.0
2860004.1 ,  3740004.7 ,  11000.05 , 11000.05 , 1.0 , 0.0
4160021.6 ,  5440026.0 ,  16000.15 , 16000.15 , 1.0 , 0.0
5460021.6 ,  7140026.0 ,  21000.15 , 21000.15 , 1.0 , 0.0
6760025.7 ,  8840030.7 ,  26000.2 , 26000.2 , 1.0 , 0.0
8060017.1 ,  10540021.7 ,  31000.1 , 31000.1 , 1.0 , 0.0
9360017.1 ,  12240021.7 ,  36000.1 , 36000.1 , 1.0 , 0.0
10660017.1 ,  13940021.7 ,  41000.1 , 41000.1 , 0.9999996341481261 , 1.1569252077514817e-06
11960004.1 ,  15620675.7 ,  46000.05 , 45943.2 , 0.9997479353358918 , 0.0004463485011152981
13260000.0 ,  17340000.0 ,  51000.0 , 51000.0 , 1.0 , 0.0
14560021.6 ,  19040026.0 ,  56000.15 , 56000.15 , 0.9998149112710442 , 0.0004216984428577877
15860013.0 ,  20729086.0 ,  61000.05 , 60967.9 , 0.9999064754966405 , 0.00017842810181231575
17160000.0 ,  22440000.0 ,  66000.0 , 66000.0 , 0.9997103789668269 , 0.0005273130595747752
18460012.7 ,  24140013.7 ,  71000.15 , 71000.15 , 0.9994930285688849 , 0.0010012024011881039
19760000.0 ,  25840000.0 ,  76000.0 , 76000.0 , 0.9982933561200653 , 0.0018876620092189596
21060017.1 ,  27535754.7 ,  81000.1 , 80987.55 , 0.9987293847107879 , 0.0011731336277263742
22360000.0 ,  29102470.0 ,  86000.0 , 85595.5 , 0.9893873951556083 , 0.012066688194537581
23660021.6 ,  30144664.0 ,  91000.15 , 88660.85 , 0.9757953133288506 , 0.002613597473734237
24960012.7 ,  30216714.7 ,  96000.15 , 88872.8 , 0.9260386594876682 , 0.004068220665535037
