132000.0 ,  212000.0 ,  1000.0 , 1000.0 , 1.0 , 0
792013.2 ,  1272021.2 ,  6000.1 , 6000.1 , 1.0 , 0
1452000.0 ,  2332000.0 ,  11000.0 , 11000.0 , 1.0 , 0
2112013.2 ,  3392021.2 ,  16000.1 , 16000.1 , 1.0 , 0
2772013.2 ,  4452021.2 ,  21000.1 , 21000.1 , 1.0 , 0
3432013.2 ,  5512021.2 ,  26000.1 , 26000.1 , 1.0 , 0
4092013.2 ,  6572021.2 ,  31000.1 , 31000.1 , 1.0 , 0
4752013.2 ,  7632021.2 ,  36000.1 , 36000.1 , 1.0 , 0
5412013.2 ,  8692021.2 ,  41000.1 , 41000.1 , 1.0 , 0
6072000.0 ,  9752000.0 ,  46000.0 , 46000.0 , 1.0 , 0
6732000.0 ,  10812000.0 ,  51000.0 , 51000.0 , 1.0 , 0
7392013.2 ,  11702103.2 ,  56000.1 , 55198.6 , 0.9856875255579901 , 0
8052013.2 ,  12932021.2 ,  61000.1 , 61000.1 , 1.0 , 0
8712000.0 ,  13992000.0 ,  66000.0 , 66000.0 , 1.0 , 0
9372000.0 ,  15052000.0 ,  71000.0 , 71000.0 , 1.0 , 0
10032000.0 ,  15972186.0 ,  76000.0 , 75340.5 , 0.9913223684210526 , 0
10692013.2 ,  16574923.2 ,  81000.1 , 78183.6 , 0.9652284379895827 , 0
11352000.0 ,  18140776.4 ,  86000.0 , 85569.7 , 0.994996511627907 , 0
12012013.2 ,  18725811.6 ,  91000.1 , 88329.3 , 0.9706505817026575 , 0
12672000.0 ,  19238342.8 ,  96000.0 , 90746.9 , 0.9452802083333334 , 0
132000.0 ,  212000.0 ,  1000.0 , 1000.0 , 1.0 , 0
792013.2 ,  1272021.2 ,  6000.1 , 6000.1 , 1.0 , 0
1452000.0 ,  2332000.0 ,  11000.0 , 11000.0 , 1.0 , 0
2112013.2 ,  3392021.2 ,  16000.1 , 16000.1 , 1.0 , 0
2772013.2 ,  4452021.2 ,  21000.1 , 21000.1 , 1.0 , 0
3432013.2 ,  5512021.2 ,  26000.1 , 26000.1 , 1.0 , 0
4092013.2 ,  6572021.2 ,  31000.1 , 31000.1 , 1.0 , 0
4752013.2 ,  7632021.2 ,  36000.1 , 36000.1 , 1.0 , 0
5412013.2 ,  8692021.2 ,  41000.1 , 41000.1 , 1.0 , 0
6072000.0 ,  9752000.0 ,  46000.0 , 46000.0 , 1.0 , 0
6732000.0 ,  10812000.0 ,  51000.0 , 51000.0 , 1.0 , 0
7392013.2 ,  11872021.2 ,  56000.1 , 56000.1 , 1.0 , 0
8052013.2 ,  12932021.2 ,  61000.1 , 61000.1 , 1.0 , 0
8712000.0 ,  13982438.8 ,  66000.0 , 65954.9 , 0.9993166666666666 , 0
9372000.0 ,  15034149.6 ,  71000.0 , 70915.8 , 0.9988140845070422 , 0
10032000.0 ,  16070299.6 ,  76000.0 , 75803.3 , 0.9974118421052631 , 0
10692013.2 ,  17116837.6 ,  81000.1 , 80739.8 , 0.9967864237204646 , 0
11352000.0 ,  17922819.2 ,  86000.0 , 84541.6 , 0.9830418604651163 , 0
12012013.2 ,  18293543.6 ,  91000.1 , 86290.3 , 0.9482440129186671 , 0
12672000.0 ,  18871498.0 ,  96000.0 , 89016.5 , 0.9272552083333333 , 0
132000.0 ,  212000.0 ,  1000.0 , 1000.0 , 1.0 , 0
792013.2 ,  1272021.2 ,  6000.1 , 6000.1 , 1.0 , 0
1452000.0 ,  2332000.0 ,  11000.0 , 11000.0 , 1.0 , 0
2112013.2 ,  3392021.2 ,  16000.1 , 16000.1 , 1.0 , 0
2772013.2 ,  4452021.2 ,  21000.1 , 21000.1 , 1.0 , 0
3432013.2 ,  5512021.2 ,  26000.1 , 26000.1 , 1.0 , 0
4092013.2 ,  6572021.2 ,  31000.1 , 31000.1 , 1.0 , 0
4752013.2 ,  7632021.2 ,  36000.1 , 36000.1 , 1.0 , 0
5412013.2 ,  8692021.2 ,  41000.1 , 41000.1 , 1.0 , 0
6072000.0 ,  9752000.0 ,  46000.0 , 46000.0 , 1.0 , 0
6732000.0 ,  10812000.0 ,  51000.0 , 51000.0 , 1.0 , 0
7392013.2 ,  11872021.2 ,  56000.1 , 56000.1 , 1.0 , 0
8052013.2 ,  12932021.2 ,  61000.1 , 61000.1 , 1.0 , 0
8712000.0 ,  13983223.2 ,  66000.0 , 65958.6 , 0.9993727272727273 , 0
9372000.0 ,  15052000.0 ,  71000.0 , 71000.0 , 1.0 , 0
10032000.0 ,  16112000.0 ,  76000.0 , 76000.0 , 1.0 , 0
10692013.2 ,  17046898.8 ,  81000.1 , 80409.9 , 0.9927135892424824 , 0
11352000.0 ,  17571302.0 ,  86000.0 , 82883.5 , 0.9637616279069767 , 0
12012013.2 ,  18596491.6 ,  91000.1 , 87719.3 , 0.9639472923656128 , 0
12672000.0 ,  18379318.8 ,  96000.0 , 86694.9 , 0.903071875 , 0
132010.7 ,  212015.3 ,  1000.1 , 1000.1 , 0.9999950007498875 , 1.5809016948291983e-05
792008.6 ,  1272009.0 ,  6000.1 , 6000.1 , 0.9999991666805552 , 2.635187463666388e-06
1452010.7 ,  2332015.3 ,  11000.1 , 11000.1 , 1.0 , 0.0
2112008.6 ,  3392009.0 ,  16000.1 , 16000.1 , 0.9999996875029297 , 9.882025044129585e-07
2772019.3 ,  4452024.3 ,  21000.2 , 21000.2 , 1.0 , 0.0
3432006.6 ,  5512010.6 ,  26000.05 , 26000.05 , 1.0 , 0.0
4092010.7 ,  6572015.3 ,  31000.1 , 31000.1 , 1.0 , 0.0
4752010.7 ,  7632015.3 ,  36000.1 , 36000.1 , 1.0 , 0.0
5412008.2 ,  8692009.4 ,  41000.1 , 41000.1 , 1.0 , 0.0
6072019.3 ,  9752024.3 ,  46000.2 , 46000.2 , 1.0 , 0.0
6732010.7 ,  10812015.3 ,  51000.1 , 51000.1 , 1.0 , 0.0
7392010.7 ,  11872015.3 ,  56000.1 , 56000.1 , 1.0 , 0.0
8052012.7 ,  12930815.9 ,  61000.15 , 60994.5 , 0.9997741806375297 , 0.0003150121183273857
8712010.7 ,  13992015.3 ,  66000.1 , 66000.1 , 0.9724733189658675 , 0.04586472724078545
9372012.7 ,  13970898.5 ,  71000.15 , 65900.55 , 0.9725060222302406 , 0.01798214659247207
10032019.3 ,  14569151.9 ,  76000.2 , 68722.5 , 0.9284985550872348 , 0.019213672665423304
10692004.1 ,  15203817.9 ,  81000.05 , 71716.15 , 0.8732667080982714 , 0.012740636467563253
11352000.0 ,  14594864.4 ,  86000.0 , 68843.7 , 0.8328639930246846 , 0.01804357657423343
12012015.2 ,  15780918.0 ,  91000.15 , 74438.35 , 0.8258627429806309 , 0.005162820311268573
12672018.9 ,  16032911.8 ,  96000.2 , 75627.0 , 0.7860348074756598 , 0.005351128716429663
