132000.0 ,  196000.0 ,  1000.0 , 1000.0 , 1.0 , 0.0
792006.6 ,  1176009.8 ,  6000.05 , 6000.05 , 1.0 , 0.0
1452000.0 ,  2156000.0 ,  11000.0 , 11000.0 , 1.0 , 0.0
2112006.6 ,  3136009.8 ,  16000.05 , 16000.05 , 1.0 , 0.0
2772006.6 ,  4116009.8 ,  21000.05 , 21000.05 , 1.0 , 0.0
3432006.6 ,  5096009.8 ,  26000.05 , 26000.05 , 1.0 , 0.0
4092006.6 ,  6076009.8 ,  31000.05 , 31000.05 , 0.9999129033662848 , 0.0002418383002530748
4752006.6 ,  7056009.8 ,  36000.05 , 36000.05 , 0.9999845833547454 , 3.491883899397444e-05
5412006.6 ,  8036009.8 ,  41000.05 , 41000.05 , 0.9997497564027361 , 0.00034999452134828573
6072000.0 ,  9016000.0 ,  46000.0 , 46000.0 , 0.9989359782608697 , 0.0007459923116128574
6732000.0 ,  9950753.4 ,  51000.0 , 50769.15 , 0.9971453921568628 , 0.002207488161578813
7392006.6 ,  10941474.6 ,  56000.05 , 55823.85 , 0.9976194664111906 , 0.001517233683573015
8052006.6 ,  11874493.4 ,  61000.05 , 60584.15 , 0.9936922182850669 , 0.0033145801785150267
8712000.0 ,  12718910.4 ,  66000.0 , 64892.4 , 0.9811248484848484 , 0.006427242255899396
9372000.0 ,  13398863.8 ,  71000.0 , 68361.55 , 0.9443554929577465 , 0.023661124718888916
10032000.0 ,  13699057.4 ,  76000.0 , 69893.15 , 0.8968039473684211 , 0.026978830362399786
10692006.6 ,  14065920.4 ,  81000.05 , 71764.9 , 0.8735307570797796 , 0.009450189225163037
11352000.0 ,  13522275.2 ,  86000.0 , 68991.2 , 0.8111444767441862 , 0.0145236017357994
12012006.6 ,  14596267.0 ,  91000.05 , 74470.75 , 0.7949611566147492 , 0.02468024660041197
12672000.0 ,  14597501.8 ,  96000.0 , 74477.05 , 0.7577998958333332 , 0.022756043796864567
