1028051.4 ,  1092054.6 ,  1000.05 , 1000.05 , 1.0 , 0.0
6168051.4 ,  6552054.6 ,  6000.05 , 6000.05 , 1.0 , 0.0
11308051.4 ,  12012054.6 ,  11000.05 , 11000.05 , 1.0 , 0.0
16448000.0 ,  17472000.0 ,  16000.0 , 16000.0 , 1.0 , 0.0
21588051.4 ,  22932054.6 ,  21000.05 , 21000.05 , 0.9999997619058958 , 7.529196670775741e-07
26728000.0 ,  28392000.0 ,  26000.0 , 26000.0 , 1.0 , 0.0
31868000.0 ,  33832289.4 ,  31000.0 , 30981.95 , 0.9998482258064516 , 0.00022325420137634815
37008000.0 ,  39310307.4 ,  36000.0 , 35998.45 , 0.9998711111111109 , 0.00026477580002679505
42148000.0 ,  44757967.8 ,  41000.0 , 40987.15 , 0.9995598780487805 , 0.0006482138982227742
47288051.4 ,  50232054.6 ,  46000.05 , 46000.05 , 0.9986816318677916 , 0.0009494679782544328
52428051.4 ,  55553316.0 ,  51000.05 , 50873.0 , 0.9975504925975562 , 0.0010648223154882696
57568051.4 ,  60683477.4 ,  56000.05 , 55570.95 , 0.99320991677686 , 0.004927097989451276
62708000.0 ,  65969576.4 ,  61000.0 , 60411.7 , 0.9902118852459016 , 0.002492550226281402
67848051.4 ,  70056331.8 ,  66000.05 , 64154.15 , 0.9733890353113368 , 0.0023857982235578694
72988000.0 ,  73713330.6 ,  71000.0 , 67503.05 , 0.9284204225352113 , 0.022195379353939854
78128051.4 ,  70448469.0 ,  76000.05 , 64513.25 , 0.8782808695520593 , 0.03465501894304026
83268051.4 ,  70413688.8 ,  81000.05 , 64481.4 , 0.8197967161748665 , 0.018782752622999725
88408051.4 ,  75748163.4 ,  86000.05 , 69366.45 , 0.7766966414554409 , 0.027793710251078924
93548051.4 ,  74414558.4 ,  91000.05 , 68145.2 , 0.7370035510969499 , 0.01480459465629151
98688000.0 ,  74301754.8 ,  96000.0 , 68041.9 , 0.6952170990039794 , 0.015078975439527265
