260000.0 ,  324000.0 ,  1000.0 , 1000.0 , 1.0 , 0
1560026.0 ,  1944032.4 ,  6000.1 , 6000.1 , 1.0 , 0
2860000.0 ,  3564000.0 ,  11000.0 , 11000.0 , 1.0 , 0
4160026.0 ,  5184032.4 ,  16000.1 , 16000.1 , 1.0 , 0
5460026.0 ,  6804032.4 ,  21000.1 , 21000.1 , 1.0 , 0
6760026.0 ,  8424032.4 ,  26000.1 , 26000.1 , 1.0 , 0
8060026.0 ,  10044032.4 ,  31000.1 , 31000.1 , 1.0 , 0
9360026.0 ,  11638015.2 ,  36000.1 , 35919.8 , 0.9977694506404149 , 0
10660026.0 ,  13276386.0 ,  41000.1 , 40976.5 , 0.9994243916478253 , 0
11960000.0 ,  14837806.8 ,  46000.0 , 45795.7 , 0.9955586956521739 , 0
13260000.0 ,  16372886.4 ,  51000.0 , 50533.6 , 0.9908549019607843 , 0
14560026.0 ,  17951252.4 ,  56000.1 , 55405.1 , 0.9893750189731804 , 0
15860026.0 ,  19182549.6 ,  61000.1 , 59205.4 , 0.9705787367561692 , 0
17160000.0 ,  20872663.2 ,  66000.0 , 64421.8 , 0.9760878787878788 , 0
18460000.0 ,  21458487.6 ,  71000.0 , 66229.9 , 0.9328154929577465 , 0
19760000.0 ,  22297420.8 ,  76000.0 , 68819.2 , 0.9055157894736842 , 0
21060026.0 ,  17648571.6 ,  81000.1 , 54470.9 , 0.6724794166920781 , 0
22360000.0 ,  22829947.2 ,  86000.0 , 70462.8 , 0.8193348837209302 , 0
23660026.0 ,  22255106.4 ,  91000.1 , 68688.6 , 0.7548189507484058 , 0
24960000.0 ,  22467002.4 ,  96000.0 , 69342.6 , 0.72231875 , 0
260000.0 ,  324000.0 ,  1000.0 , 1000.0 , 1.0 , 0
1560026.0 ,  1944032.4 ,  6000.1 , 6000.1 , 1.0 , 0
2860000.0 ,  3564000.0 ,  11000.0 , 11000.0 , 1.0 , 0
4160026.0 ,  5184032.4 ,  16000.1 , 16000.1 , 1.0 , 0
5460026.0 ,  6804032.4 ,  21000.1 , 21000.1 , 1.0 , 0
6760026.0 ,  8424032.4 ,  26000.1 , 26000.1 , 1.0 , 0
8060026.0 ,  10044032.4 ,  31000.1 , 31000.1 , 1.0 , 0
9360026.0 ,  11664032.4 ,  36000.1 , 36000.1 , 1.0 , 0
10660026.0 ,  13269160.8 ,  41000.1 , 40954.2 , 0.998880490535389 , 0
11960000.0 ,  14904000.0 ,  46000.0 , 46000.0 , 1.0 , 0
13260000.0 ,  16515122.4 ,  51000.0 , 50972.6 , 0.9994627450980392 , 0
14560026.0 ,  18071845.2 ,  56000.1 , 55777.3 , 0.9960214356760078 , 0
15860026.0 ,  19637931.6 ,  61000.1 , 60610.9 , 0.9936196825906842 , 0
17160000.0 ,  20908076.4 ,  66000.0 , 64531.1 , 0.9777439393939394 , 0
18460000.0 ,  22372491.6 ,  71000.0 , 69050.9 , 0.9725478873239437 , 0
19760000.0 ,  22863157.2 ,  76000.0 , 70565.3 , 0.9284907894736842 , 0
21060026.0 ,  23396850.0 ,  81000.1 , 72212.5 , 0.8915112450478456 , 0
22360000.0 ,  23776966.8 ,  86000.0 , 73385.7 , 0.8533220930232558 , 0
23660026.0 ,  23677207.2 ,  91000.1 , 73077.8 , 0.8030518647781706 , 0
24960000.0 ,  23751824.4 ,  96000.0 , 73308.1 , 0.7636260416666667 , 0
260000.0 ,  324000.0 ,  1000.0 , 1000.0 , 1.0 , 0
1560026.0 ,  1944032.4 ,  6000.1 , 6000.1 , 1.0 , 0
2860000.0 ,  3564000.0 ,  11000.0 , 11000.0 , 1.0 , 0
4160026.0 ,  5184032.4 ,  16000.1 , 16000.1 , 1.0 , 0
5460026.0 ,  6804032.4 ,  21000.1 , 21000.1 , 1.0 , 0
6760026.0 ,  8424032.4 ,  26000.1 , 26000.1 , 1.0 , 0
8060026.0 ,  10044032.4 ,  31000.1 , 31000.1 , 1.0 , 0
9360026.0 ,  11664032.4 ,  36000.1 , 36000.1 , 1.0 , 0
10660026.0 ,  13284032.4 ,  41000.1 , 41000.1 , 1.0 , 0
11960000.0 ,  14811919.2 ,  46000.0 , 45715.8 , 0.9938217391304348 , 0
13260000.0 ,  16493608.8 ,  51000.0 , 50906.2 , 0.9981607843137255 , 0
14560026.0 ,  17961976.8 ,  56000.1 , 55438.2 , 0.9899660893462691 , 0
15860026.0 ,  19356375.6 ,  61000.1 , 59741.9 , 0.9793738043052388 , 0
17160000.0 ,  20754468.0 ,  66000.0 , 64057.0 , 0.970560606060606 , 0
18460000.0 ,  21536085.6 ,  71000.0 , 66469.4 , 0.9361887323943662 , 0
19760000.0 ,  20317845.6 ,  76000.0 , 62709.4 , 0.8251236842105263 , 0
21060026.0 ,  21196371.6 ,  81000.1 , 65420.9 , 0.807664434982179 , 0
22360000.0 ,  20570014.8 ,  86000.0 , 63487.7 , 0.7382290697674418 , 0
23660026.0 ,  21309253.2 ,  91000.1 , 65769.3 , 0.722738766221136 , 0
24960000.0 ,  19917025.2 ,  96000.0 , 61472.3 , 0.6403364583333333 , 0
260000.0 ,  324000.0 ,  1000.0 , 1000.0 , 1.0 , 0
1560026.0 ,  1944032.4 ,  6000.1 , 6000.1 , 1.0 , 0
2860000.0 ,  3564000.0 ,  11000.0 , 11000.0 , 1.0 , 0
4160026.0 ,  5184032.4 ,  16000.1 , 16000.1 , 1.0 , 0
5460026.0 ,  6804032.4 ,  21000.1 , 21000.1 , 1.0 , 0
6760026.0 ,  8424032.4 ,  26000.1 , 26000.1 , 1.0 , 0
8060026.0 ,  10044032.4 ,  31000.1 , 31000.1 , 1.0 , 0
9360026.0 ,  11664032.4 ,  36000.1 , 36000.1 , 1.0 , 0
10660026.0 ,  13284032.4 ,  41000.1 , 41000.1 , 1.0 , 0
11960000.0 ,  14904000.0 ,  46000.0 , 46000.0 , 1.0 , 0
13260000.0 ,  16507702.8 ,  51000.0 , 50949.7 , 0.9990137254901961 , 0
14560026.0 ,  17921703.6 ,  56000.1 , 55313.9 , 0.9877464504527671 , 0
15860026.0 ,  19159966.8 ,  61000.1 , 59135.7 , 0.9694361156784989 , 0
17160000.0 ,  20428329.6 ,  66000.0 , 63050.4 , 0.9553090909090909 , 0
18460000.0 ,  22000604.4 ,  71000.0 , 67903.1 , 0.9563816901408451 , 0
19760000.0 ,  23002120.8 ,  76000.0 , 70994.2 , 0.9341342105263158 , 0
21060026.0 ,  24121540.8 ,  81000.1 , 74449.2 , 0.9191247912039615 , 0
22360000.0 ,  24407211.6 ,  86000.0 , 75330.9 , 0.8759406976744186 , 0
23660026.0 ,  24246799.2 ,  91000.1 , 74835.8 , 0.8223705248675551 , 0
24960000.0 ,  23900054.4 ,  96000.0 , 73765.6 , 0.7683916666666667 , 0
260000.0 ,  324000.0 ,  1000.0 , 1000.0 , 1.0 , 0
1560026.0 ,  1944032.4 ,  6000.1 , 6000.1 , 1.0 , 0
2860000.0 ,  3564000.0 ,  11000.0 , 11000.0 , 1.0 , 0
4160026.0 ,  5184032.4 ,  16000.1 , 16000.1 , 1.0 , 0
5460026.0 ,  6804032.4 ,  21000.1 , 21000.1 , 1.0 , 0
6760026.0 ,  8424032.4 ,  26000.1 , 26000.1 , 1.0 , 0
8060026.0 ,  10044032.4 ,  31000.1 , 31000.1 , 1.0 , 0
9360026.0 ,  11654312.4 ,  36000.1 , 35970.1 , 0.9991666689814751 , 0
10660026.0 ,  13268610.0 ,  41000.1 , 40952.5 , 0.9988390272218848 , 0
11960000.0 ,  14855302.8 ,  46000.0 , 45849.7 , 0.9967326086956522 , 0
13260000.0 ,  16454793.6 ,  51000.0 , 50786.4 , 0.9958117647058824 , 0
14560026.0 ,  17954427.6 ,  56000.1 , 55414.9 , 0.9895500186606809 , 0
15860026.0 ,  19251885.6 ,  61000.1 , 59419.4 , 0.974086927726348 , 0
17160000.0 ,  20654708.4 ,  66000.0 , 63749.1 , 0.9658954545454546 , 0
18460000.0 ,  22104414.0 ,  71000.0 , 68223.5 , 0.960894366197183 , 0
19760000.0 ,  22128746.4 ,  76000.0 , 68298.6 , 0.8986657894736843 , 0
21060026.0 ,  21683376.0 ,  81000.1 , 66924.0 , 0.8262212021960467 , 0
22360000.0 ,  21732980.4 ,  86000.0 , 67077.1 , 0.7799662790697675 , 0
23660026.0 ,  22674297.6 ,  91000.1 , 69982.4 , 0.7690365175422884 , 0
24960000.0 ,  20856236.4 ,  96000.0 , 64371.1 , 0.6705322916666666 , 0
260000.0 ,  324000.0 ,  1000.0 , 1000.0 , 1.0 , 0
1560026.0 ,  1944032.4 ,  6000.1 , 6000.1 , 1.0 , 0
2860000.0 ,  3564000.0 ,  11000.0 , 11000.0 , 1.0 , 0
4160026.0 ,  5184032.4 ,  16000.1 , 16000.1 , 1.0 , 0
5460026.0 ,  6804032.4 ,  21000.1 , 21000.1 , 1.0 , 0
6760026.0 ,  8424032.4 ,  26000.1 , 26000.1 , 1.0 , 0
8060026.0 ,  10044032.4 ,  31000.1 , 31000.1 , 1.0 , 0
9360026.0 ,  11664032.4 ,  36000.1 , 36000.1 , 1.0 , 0
10660026.0 ,  13284032.4 ,  41000.1 , 41000.1 , 1.0 , 0
11960000.0 ,  14904000.0 ,  46000.0 , 46000.0 , 1.0 , 0
13260000.0 ,  16422134.4 ,  51000.0 , 50685.6 , 0.993835294117647 , 0
14560026.0 ,  18036626.4 ,  56000.1 , 55668.6 , 0.9940803677136291 , 0
15860026.0 ,  19734451.2 ,  61000.1 , 60908.8 , 0.998503281142162 , 0
17160000.0 ,  20665756.8 ,  66000.0 , 63783.2 , 0.9664121212121212 , 0
18460000.0 ,  21860766.0 ,  71000.0 , 67471.5 , 0.9503028169014085 , 0
19760000.0 ,  21867958.8 ,  76000.0 , 67493.7 , 0.888075 , 0
21060026.0 ,  21031455.6 ,  81000.1 , 64911.9 , 0.8013804921228492 , 0
22360000.0 ,  20872663.2 ,  86000.0 , 64421.8 , 0.7490906976744186 , 0
23660026.0 ,  21264217.2 ,  91000.1 , 65630.3 , 0.7212112953722029 , 0
24960000.0 ,  22165909.2 ,  96000.0 , 68413.3 , 0.7126385416666666 , 0
260000.0 ,  324000.0 ,  1000.0 , 1000.0 , 1.0 , 0.0
1560013.0 ,  1944016.2 ,  6000.05 , 6000.05 , 1.0 , 0.0
2860000.0 ,  3564000.0 ,  11000.0 , 11000.0 , 1.0 , 0.0
4160013.0 ,  5184016.2 ,  16000.05 , 16000.05 , 1.0 , 0.0
5460013.0 ,  6804016.2 ,  21000.05 , 21000.05 , 1.0 , 0.0
6760013.0 ,  8424016.2 ,  26000.05 , 26000.05 , 1.0 , 0.0
8060013.0 ,  10044016.2 ,  31000.05 , 31000.05 , 1.0 , 0.0
9360013.0 ,  11664016.2 ,  36000.05 , 36000.05 , 1.0 , 0.0
10660000.0 ,  13278913.2 ,  41000.0 , 40984.3 , 0.9996019512195122 , 0.000435710240081843
11960013.0 ,  14904016.2 ,  46000.05 , 46000.05 , 0.9992454356027874 , 0.0006855175698853481
13260013.0 ,  16466781.6 ,  51000.05 , 50823.4 , 0.9986004915681453 , 0.001014038313073404
14560013.0 ,  18136531.8 ,  56000.05 , 55976.95 , 0.996934734879701 , 0.0016071285501313023
15860000.0 ,  19619155.8 ,  61000.0 , 60552.95 , 0.9910177054934153 , 0.0023601364919195113
17160013.0 ,  21136123.8 ,  66000.05 , 65234.95 , 0.9865140253681626 , 0.0026917969576879934
18460000.0 ,  22205502.0 ,  71000.0 , 68535.5 , 0.9718073943661972 , 0.004399961530557648
19760013.0 ,  23280323.4 ,  76000.05 , 71852.85 , 0.9411745123851892 , 0.011925322624825437
21060013.0 ,  23881764.6 ,  81000.05 , 73709.15 , 0.9062245640589112 , 0.012891702830592423
22360013.0 ,  23247097.2 ,  86000.05 , 71750.3 , 0.775408967785484 , 0.025597651749330902
23660013.0 ,  22022847.0 ,  91000.05 , 67971.75 , 0.7306826205040547 , 0.012343997711948104
24960000.0 ,  19620354.6 ,  96000.0 , 60556.65 , 0.6871184895833333 , 0.02121716974800751
