516025.8 ,  580029.0 ,  1000.05 , 1000.05 , 1.0 , 0.0
3096025.8 ,  3480029.0 ,  6000.05 , 6000.05 , 1.0 , 0.0
5676025.8 ,  6380029.0 ,  11000.05 , 11000.05 , 1.0 , 0.0
8256000.0 ,  9280000.0 ,  16000.0 , 16000.0 , 1.0 , 0.0
10836025.8 ,  12180029.0 ,  21000.05 , 21000.05 , 1.0 , 0.0
13416000.0 ,  15080000.0 ,  26000.0 , 26000.0 , 1.0 , 0.0
15996000.0 ,  17980000.0 ,  31000.0 , 31000.0 , 0.9999920967744537 , 2.4430737041939367e-05
18576000.0 ,  20880000.0 ,  36000.0 , 36000.0 , 0.9999241666666666 , 0.00016057835499619456
21156000.0 ,  23756220.0 ,  41000.0 , 40959.0 , 0.9996523170731708 , 0.00035466609582357033
23736025.8 ,  26665674.0 ,  46000.05 , 45975.3 , 0.9991952182660672 , 0.0006495021171420752
26316025.8 ,  29525451.0 ,  51000.05 , 50905.95 , 0.9975888258933081 , 0.001670636792534678
28896025.8 ,  32327953.0 ,  56000.05 , 55737.85 , 0.9950476829931402 , 0.0019581388558703103
31476000.0 ,  34770797.0 ,  61000.0 , 59949.65 , 0.9868830327868853 , 0.005516774861163255
34056025.8 ,  37635823.0 ,  66000.05 , 64889.35 , 0.97515804912269 , 0.010402547435228239
36636000.0 ,  38575249.0 ,  71000.0 , 66509.05 , 0.9448517605633804 , 0.009740249181933973
39216025.8 ,  39130744.0 ,  76000.05 , 67466.8 , 0.8931783597510792 , 0.008741103558684554
41796025.8 ,  39901390.0 ,  81000.05 , 68795.5 , 0.8302759072370943 , 0.018546260885972228
44376025.8 ,  38340987.0 ,  86000.05 , 66105.15 , 0.789195587676984 , 0.018241531740582285
46956025.8 ,  39232070.0 ,  91000.05 , 67641.5 , 0.731335971793422 , 0.010716743600796821
49536000.0 ,  39585667.0 ,  96000.0 , 68251.15 , 0.7143028124999999 , 0.01765428056862792
